6 1.0000000000000004
24 1.0000000000000004
7 1.0000000000000004
25 1.0000000000000004
10 1.0471797222222154
8 1.0471797222222319
26 1.0000000000000004
11 1.0000000000000004
27 1.0000000000000004
9 0.8889888888889067
12 1.0000000000000004
28 1.0000000000000004
13 1.0000000000000004
14 0.8889888888888957
29 1.0000000000000004
15 0.25622555555564364
16 0.8889888888889067
17 1.0000000000000004
18 1.0000000000000004
30 1.0000000000000004
19 1.0000000000000004
31 1.0000000000000004
32 1.0000000000000004
33 1.0000000000000004
34 1.0000000000000004
1 1.0000000000000004
20 1.0471797222222154
35 1.0000000000000004
2 1.0000000000000004
21 0.8889888888888957
36 1.0000000000000004
3 1.0000000000000004
4 1.0000000000000004
22 1.0471797222222128
5 1.0000000000000004
23 1.0000000000000004
